 0 78 -100
 0 83 -100
 0 88 -100
 0 93 -100
 0 98 -100
 0 103 -100
 0 108 -100
 0 113 -100
 0 118 -100
 0 123 -100
 0 128 -100
 0 133 -100
 0 138 -100
 0 143 -100
 0 148 -100

 5 78 -100
 5 83 -100
 5 88 -100
 5 93 -100
 5 98 -100
 5 103 -100
 5 108 -100
 5 113 -100
 5 118 -100
 5 123 -100
 5 128 -100
 5 133 -100
 5 138 -100
 5 143 -100
 5 148 -100

 10 78 -100
 10 83 -100
 10 88 -100
 10 93 -100
 10 98 -100
 10 103 -100
 10 108 -100
 10 113 -100
 10 118 -100
 10 123 -100
 10 128 -100
 10 133 -100
 10 138 -100
 10 143 -100
 10 148 -100

 15 78 -100
 15 83 -100
 15 88 -100
 15 93 -100
 15 98 -100
 15 103 -100
 15 108 -100
 15 113 -100
 15 118 -100
 15 123 -100
 15 128 -100
 15 133 -100
 15 138 -100
 15 143 -100
 15 148 -100

 20 78 -100
 20 83 -100
 20 88 -100
 20 93 -100
 20 98 -100
 20 103 -100
 20 108 -100
 20 113 -100
 20 118 -100
 20 123 -100
 20 128 -100
 20 133 -100
 20 138 -100
 20 143 -100
 20 148 -100

 25 78 -100
 25 83 -100
 25 88 -100
 25 93 -100
 25 98 -100
 25 103 -100
 25 108 -100
 25 113 -100
 25 118 -100
 25 123 -100
 25 128 -100
 25 133 -100
 25 138 -100
 25 143 -100
 25 148 -100

 30 78 -100
 30 83 -100
 30 88 -100
 30 93 -100
 30 98 -100
 30 103 -100
 30 108 -100
 30 113 -100
 30 118 -100
 30 123 -100
 30 128 -100
 30 133 -100
 30 138 -100
 30 143 -100
 30 148 -100

 35 78 -100
 35 83 -100
 35 88 -100
 35 93 -100
 35 98 -100
 35 103 -100
 35 108 -100
 35 113 -100
 35 118 -100
 35 123 -100
 35 128 -100
 35 133 -100
 35 138 -100
 35 143 -100
 35 148 -100

 40 78 -100
 40 83 -100
 40 88 -100
 40 93 -100
 40 98 -100
 40 103 -100
 40 108 -100
 40 113 -100
 40 118 -100
 40 123 -100
 40 128 -100
 40 133 -100
 40 138 -100
 40 143 -100
 40 148 -100

 45 78 -100
 45 83 -100
 45 88 -100
 45 93 -100
 45 98 -100
 45 103 -100
 45 108 -100
 45 113 -100
 45 118 -100
 45 123 -100
 45 128 -100
 45 133 -100
 45 138 -100
 45 143 -100
 45 148 -100

 50 78 -100
 50 83 -100
 50 88 -100
 50 93 -100
 50 98 -100
 50 103 -100
 50 108 -100
 50 113 -100
 50 118 -100
 50 123 -100
 50 128 -100
 50 133 -100
 50 138 -100
 50 143 -100
 50 148 -100

 55 78 -100
 55 83 -100
 55 88 -100
 55 93 -100
 55 98 -100
 55 103 -100
 55 108 -100
 55 113 -100
 55 118 -100
 55 123 -100
 55 128 -100
 55 133 -100
 55 138 -100
 55 143 -100
 55 148 -100

 60 78 -100
 60 83 -100
 60 88 -100
 60 93 -100
 60 98 -100
 60 103 -100
 60 108 -100
 60 113 -100
 60 118 -100
 60 123 -100
 60 128 -100
 60 133 -100
 60 138 -100
 60 143 -100
 60 148 -100

 65 78 -100
 65 83 -100
 65 88 -100
 65 93 -100
 65 98 -100
 65 103 -100
 65 108 -100
 65 113 -100
 65 118 -100
 65 123 -100
 65 128 -100
 65 133 -100
 65 138 -100
 65 143 -100
 65 148 -100

 70 78 -100
 70 83 -100
 70 88 -100
 70 93 -100
 70 98 -100
 70 103 -100
 70 108 -100
 70 113 -100
 70 118 -100
 70 123 -100
 70 128 -100
 70 133 -100
 70 138 -100
 70 143 -100
 70 148 -100


 0 78 1
 0 83 -1
 0 88 1
 0 93 -1
 0 98 1
 0 103 -1
 0 108 1
 0 113 -1
 0 118 1
 0 123 -1
 0 128 1
 0 133 -1
 0 138 1
 0 143 -1
 0 148 1

 5 78 1
 5 83 -1
 5 88 1
 5 93 -1
 5 98 1
 5 103 -1
 5 108 1
 5 113 -1
 5 118 1
 5 123 -1
 5 128 1
 5 133 -1
 5 138 1
 5 143 -1
 5 148 1

 10 78 1
 10 83 -1
 10 88 1
 10 93 -1
 10 98 1
 10 103 -1
 10 108 1
 10 113 -1
 10 118 1
 10 123 -1
 10 128 1
 10 133 -1
 10 138 1
 10 143 -1
 10 148 1

 15 78 1
 15 83 -1
 15 88 1
 15 93 -1
 15 98 1
 15 103 -1
 15 108 1
 15 113 -1
 15 118 1
 15 123 -1
 15 128 1
 15 133 -1
 15 138 1
 15 143 -1
 15 148 1

 20 78 1
 20 83 -1
 20 88 1
 20 93 -1
 20 98 1
 20 103 -1
 20 108 1
 20 113 -1
 20 118 1
 20 123 -1
 20 128 1
 20 133 -1
 20 138 1
 20 143 -1
 20 148 1

 25 78 1
 25 83 -1
 25 88 1
 25 93 -1
 25 98 1
 25 103 -1
 25 108 1
 25 113 -1
 25 118 1
 25 123 -1
 25 128 1
 25 133 -1
 25 138 1
 25 143 -1
 25 148 1

 30 78 1
 30 83 -1
 30 88 1
 30 93 -1
 30 98 1
 30 103 -1
 30 108 1
 30 113 -1
 30 118 1
 30 123 -1
 30 128 1
 30 133 -1
 30 138 1
 30 143 -1
 30 148 1

 35 78 1
 35 83 -1
 35 88 1
 35 93 -1
 35 98 1
 35 103 -1
 35 108 1
 35 113 -1
 35 118 1
 35 123 -1
 35 128 1
 35 133 -1
 35 138 1
 35 143 -1
 35 148 1

 40 78 1
 40 83 -1
 40 88 1
 40 93 -1
 40 98 1
 40 103 -1
 40 108 1
 40 113 -1
 40 118 1
 40 123 -1
 40 128 1
 40 133 -1
 40 138 1
 40 143 -1
 40 148 1

 45 78 1
 45 83 -1
 45 88 1
 45 93 -1
 45 98 1
 45 103 -1
 45 108 1
 45 113 -1
 45 118 1
 45 123 -1
 45 128 1
 45 133 -1
 45 138 1
 45 143 -1
 45 148 1

 50 78 1
 50 83 -1
 50 88 1
 50 93 -1
 50 98 1
 50 103 -1
 50 108 1
 50 113 -1
 50 118 1
 50 123 -1
 50 128 1
 50 133 -1
 50 138 1
 50 143 -1
 50 148 1

 55 78 1
 55 83 -1
 55 88 1
 55 93 -1
 55 98 1
 55 103 -1
 55 108 1
 55 113 -1
 55 118 1
 55 123 -1
 55 128 1
 55 133 -1
 55 138 1
 55 143 -1
 55 148 1

 60 78 1
 60 83 -1
 60 88 1
 60 93 -1
 60 98 1
 60 103 -1
 60 108 1
 60 113 -1
 60 118 1
 60 123 -1
 60 128 1
 60 133 -1
 60 138 1
 60 143 -1
 60 148 1

 65 78 1
 65 83 -1
 65 88 1
 65 93 -1
 65 98 1
 65 103 -1
 65 108 1
 65 113 -1
 65 118 1
 65 123 -1
 65 128 1
 65 133 -1
 65 138 1
 65 143 -1
 65 148 1

 70 78 1
 70 83 -1
 70 88 1
 70 93 -1
 70 98 1
 70 103 -1
 70 108 1
 70 113 -1
 70 118 1
 70 123 -1
 70 128 1
 70 133 -1
 70 138 1
 70 143 -1
 70 148 1


 35 108.213 -90.0941
 40 108.213 -80.0941
 40 118.213 -80.0941
 35 118.213 -90.0941

 35 108.213 -90.0941
 40 108.213 -100.094
 40 118.213 -100.094
 35 118.213 -90.0941

 35 108.213 -90.0941
 30 108.213 -100.094
 30 118.213 -100.094
 35 118.213 -90.0941

 35 108.213 -90.0941
 30 108.213 -80.0941
 30 118.213 -80.0941
 35 118.213 -90.0941

 35 108.213 -90.0941
 40 108.213 -80.0941
 40 118.213 -80.0941
 35 118.213 -90.0941

